
strategic_region={
	id=16
	name="STRATEGICREGION_16"
	provinces={
		43 75 111 119 120 123 134 149 181 189 195 220 273 317 329 330 351 363 381 416 421 459 505 531 553 570 585 620 673 704 727 731 738 762 764 799 813 831 851 897 985 1027 1060 1124 1190 1271 1281 1284 1329 1349 1372 1374 1402 1407 1500 1568 1621 1634 1645 1648 1664 1666 1698 1743 1746 1765 1773 1845 1851 1878 1953 1972 1983 1991 2012 2026 2034 2127 2161 2176 2301 2302 2339 2341 2370 2380 2425 2530 2598 2605 2613 2703 2713 2806 2849 2887 2988 2997 3024 3040 3041 3062 3093 3122 3184 3304 3331 3336 3338 3345 3349 3350 3352 3359 3365 3366 3370 3373 3375 3376 3380 3382 3383 3384 3387 3388 3394 3397 3406 3414 3415 3417 3420 3422 3425 3432 3435 3438 3444 3449 3455 3457 3458 3459 3467 3484 3493 3499 14782 14803 14816 
	}
	weather={
	}
}
