
strategic_region={
	id=20
	name="STRATEGICREGION_20"
	provinces={
		26 61 146 172 265 275 279 319 370 395 466 487 499 598 624 668 672 699 716 721 752 756 790 852 892 911 921 947 963 977 990 1011 1012 1038 1080 1184 1214 1218 1241 1297 1337 1379 1464 1491 1527 1549 1550 1570 1590 1597 1614 1669 1675 1679 1692 1734 1737 1740 1763 1783 1785 1803 1839 1886 1905 1977 1993 1997 2035 2058 2112 2148 2157 2192 2200 2215 2247 2283 2385 2434 2474 2527 2561 2595 2612 2623 2654 2658 2661 2693 2764 2777 2829 2847 2908 2934 2966 2981 3007 3036 3037 3043 3045 3057 3130 3174 3489 3502 3514 3522 3523 3549 3555 3558 3572 3596 3627 3628 3631 3632 3644 3650 3658 3663 3671 3676 3680 3690 3691 3699 3707 3720 3726 3740 3745 3750 3756 3757 3766 3771 3777 3783 3792 3793 3797 3812 3816 3827 3830 3856 3857 3859 3866 3885 3886 3901 3913 3940 3965 14788 14789 14790 14791 14792 14793 14811 14814 14824 14830 
	}
	weather={
	}
}
