
strategic_region={
	id=25
	name="STRATEGICREGION_25"
	provinces={
		17 19 23 24 29 99 147 148 151 156 188 201 244 262 338 356 403 449 491 523 619 632 670 725 741 786 803 841 848 855 870 883 934 940 953 961 978 1045 1061 1088 1115 1165 1167 1170 1185 1235 1243 1255 1275 1303 1316 1370 1392 1453 1501 1562 1585 1612 1673 1688 1710 1789 1798 1813 1959 2031 2066 2107 2137 2220 2253 2261 2271 2326 2340 2345 2433 2503 2532 2588 2591 2678 2709 2721 2808 2821 2839 2896 2950 3010 3156 4468 4474 4475 4478 4479 4484 4485 4486 4487 4488 4490 4492 4493 4495 4496 4497 4499 4500 4502 4503 4504 4505 4506 4507 4508 4509 4514 14796 14798 14815 
	}
	weather={
	}
}
