
strategic_region={
	id=36
	name="STRATEGICREGION_36"
	provinces={
		4721 4756 4866 5170 5315 5395 5693 5696 5915 6263 6264 6318 6510 6554 6572 6600 6667 6774 6828 6895 6925 6994 7061 7154 7189 7265 7281 7353 7613 7674 7834 7847 7875 7919 7988 8031 8051 8082 8118 8130 8296 8338 8363 8490 8504 8528 8657 8688 8699 8711 8772 8868 8993 9004 9025 9083 9148 9173 9184 9285 9289 9317 9547 9593 9605 9617 9642 9764 9847 9922 9941 10003 10023 10027 10039 10152 10172 10228 10385 10439 10483 10533 10722 10770 10795 10835 10870 10875 10879 11015 11022 11028 11097 11199 11205 11240 11403 11529 11572 11578 11592 11627 11749 11753 11760 11761 11767 11772 11788 11791 11794 11795 11798 11799 11809 11810 11817 11829 11833 11851 11869 11872 11880 11894 11900 11904 11906 11909 11912 11926 11927 11934 11937 11938 11944 11952 11954 11960 11963 11966 11971 11974 11975 11986 11990 11996 11997 11999 12006 12009 12016 12018 12029 12030 12037 12039 12097 12111 12112 12128 12144 12157 
	}
	weather={
	}
}
