
strategic_region={
	id=38
	name="STRATEGICREGION_38"
	provinces={
		5011 5014 5152 5279 5551 5961 5984 6127 6298 6380 6384 6407 6477 6481 6608 6677 6703 6704 6798 6974 6978 7086 7285 7446 7466 7484 7737 7863 7952 8007 8217 8372 8447 8517 8659 8767 8770 8802 8807 8842 8869 8973 9106 9111 9196 9355 9389 9475 9529 9563 9565 9583 9606 9644 9674 9769 9774 9800 9816 9837 9875 9974 10083 10193 10421 10437 10440 10453 10510 10529 10590 10592 10601 10641 10657 10694 10768 10781 10807 10882 10937 10955 10968 11003 11017 11067 11188 11216 11250 11399 11405 11427 11440 11461 11480 11542 11559 11579 11650 11685 11688 12198 12206 12215 12217 12220 12226 12227 12234 12237 12241 12243 12246 12254 12265 12267 12271 12275 12277 12281 12285 12287 12291 12294 12296 12301 12308 12310 12313 12315 12316 12324 12331 12342 12343 12345 12348 12349 12356 12359 12364 12366 12367 12370 12372 12373 12381 12387 12390 12393 12397 12399 12401 12402 12408 12410 12412 12415 12416 12421 12422 12424 12426 12427 12438 12453 12457 12460 12474 12476 12483 12499 12505 
	}
	weather={
	}
}
