
strategic_region={
	id=57
	name="STRATEGICREGION_57"
	provinces={
		4570 4639 4714 4861 4863 4955 4980 5040 5044 5061 5100 5115 5116 5132 5177 5201 5231 5238 5251 5260 5265 5292 5325 5353 5420 5441 5485 5497 5504 5577 5621 5658 5676 5720 5737 5755 5774 5779 5896 5903 5971 5990 6036 6054 6066 6071 6115 6155 6282 6291 6295 6302 6303 6500 6502 6514 6525 6533 6558 6588 6668 6674 6732 6771 6785 6818 6874 6897 6936 6947 6948 6965 6979 7017 7018 7066 7089 7147 7153 7169 7231 7234 7252 7256 7258 7309 7313 7338 7366 7369 7411 7429 7472 7477 7543 7548 7588 7698 7732 7800 7816 7888 7925 7935 7936 7949 7966 7969 7987 8041 8094 8101 8122 8125 8178 8196 8213 8221 8333 8350 8397 8410 8419 8444 8514 8545 8571 8614 8692 8780 8782 8815 8835 8848 8861 8887 8892 8893 8912 8957 8961 9015 9033 9048 9082 9108 9166 9185 9208 9211 9224 9270 9278 9295 9345 9351 9358 9363 9400 9488 9493 9651 9697 9752 9808 9870 9928 9940 9989 10001 10029 10118 10138 10143 10147 10151 10181 10203 10218 10233 10310 10353 10359 10386 10389 10391 10392 10400 10412 10424 10426 10447 10473 10525 10549 10606 10616 10618 10638 10656 10699 10709 10774 10793 10804 10813 10824 10839 10844 10862 10898 10948 11004 11005 11007 11079 11119 11126 11144 11169 11193 11208 11226 11249 11253 11256 11285 11308 11346 11350 11356 11359 11393 11408 11462 11476 11501 11511 11593 11662 11668 13962 13972 13973 14003 14016 14025 14041 14058 14065 14101 14102 14132 14147 14185 14187 14188 14191 14204 14208 14225 14232 14241 14242 14247 14248 14251 14258 14259 14264 14266 14270 14274 14315 14316 14321 14322 14329 14338 14342 14343 14348 14355 14364 14369 14377 14378 14381 14382 14390 14391 14399 14401 14411 14425 14428 14429 14435 14437 14443 14444 14446 14453 14455 14463 14467 14469 14474 14480 14483 14489 14505 14508 14509 14512 14514 14515 14522 14525 14528 14533 14545 14546 14548 14554 14556 14561 14563 14564 14567 14569 14576 14577 14585 14588 14590 14595 14596 14603 14604 14609 14623 14648 14666 14667 14677 14680 14687 14695 14699 14702 14704 14706 14710 14713 14715 14716 14717 14718 14720 14721 14725 14726 14727 14729 14730 14731 14736 14738 14739 14740 14742 14743 14744 14746 14748 14758 14759 14760 14761 14764 14766 14770 
	}
	weather={
	}
}
