
strategic_region={
	id=60
	name="STRATEGICREGION_60"
	provinces={
		4546 4662 4679 4734 4749 4815 4867 4940 5054 5130 5156 5205 5267 5369 5385 5400 5428 5473 5488 5517 5520 5529 5564 5566 5584 5606 5619 5634 5656 5670 5690 5738 5743 5769 5777 5802 5861 5892 5925 5948 5951 5972 5979 6001 6003 6004 6021 6058 6060 6068 6078 6079 6211 6226 6269 6273 6274 6285 6329 6335 6344 6353 6383 6393 6405 6408 6415 6430 6459 6465 6467 6474 6530 6559 6567 6587 6612 6617 6637 6640 6651 6673 6678 6694 6737 6739 6830 6838 6860 6888 6912 6958 6963 6982 7019 7035 7045 7054 7057 7060 7084 7090 7099 7193 7196 7202 7229 7233 7247 7277 7303 7320 7323 7349 7386 7430 7444 7447 7449 7452 7478 7559 7567 7575 7585 7601 7675 7680 7693 7695 7702 7711 7719 7729 7733 7742 7745 7753 7765 7767 7784 7821 7836 7854 7899 7900 7910 7962 7971 7972 8000 8013 8019 8020 8044 8055 8097 8098 8110 8112 8131 8151 8157 8168 8176 8192 8231 8237 8240 8245 8251 8256 8258 8260 8272 8275 8284 8285 8287 8291 8317 8324 8360 8364 8392 8405 8431 8432 8494 8518 8523 8539 8550 8556 8572 8596 8621 8632 8648 8670 8674 8683 8690 8694 8714 8722 8731 8750 8754 8827 8851 8854 8880 8881 8889 8897 8910 8917 8926 8950 8964 8968 8975 8981 9001 9002 9036 9055 9073 9085 9094 9126 9128 9171 9172 9191 9221 9251 9293 9301 9311 9327 9336 9337 9376 9383 9384 9391 9393 9407 9421 9454 9456 9458 9468 9494 9505 9510 9538 9543 9582 9584 9591 9612 9620 9636 9647 9656 9659 9663 9678 9728 9756 9768 9780 9787 9806 9820 9826 9827 9842 9855 9883 9921 9931 9938 9949 9956 9968 9994 10000 10017 10018 10045 10053 10059 10077 10081 10085 10087 10101 10134 10149 10153 10176 10190 10239 10276 10280 10317 10326 10327 10356 10366 10374 10381 10394 10395 10411 10419 10435 10462 10479 10485 10520 10528 10543 10545 10550 10552 10565 10607 10648 10661 10668 10674 10713 10728 10742 10758 10776 10785 10788 10800 10805 10815 10843 10865 10889 10890 10902 10912 10923 10928 10931 10940 10941 10952 10974 10982 10996 11006 11014 11041 11046 11049 11051 11058 11081 11090 11123 11135 11162 11168 11175 11182 11196 11203 11218 11233 11234 11254 11257 11262 11264 11268 11273 11289 11310 11322 11370 11431 11433 11444 11449 11459 11460 11469 11493 11519 11525 11548 11564 11575 11597 11602 11621 11624 11629 11661 11679 11680 11681 11686 13721 13739 13740 13754 13757 13765 13766 13772 13774 13783 13786 13787 13791 13792 13793 13796 13799 13804 13815 13816 13817 13826 13827 13839 13840 13844 13850 13859 13860 13861 13865 13868 13870 13872 13879 13882 13883 13887 13890 13891 13896 13898 13899 13902 13903 13910 13915 13919 13921 13923 13924 13927 13928 13933 13937 13947 13953 13960 13961 13963 13966 13967 13974 13975 13976 13980 13981 13983 13986 13989 13993 13994 13995 13996 13998 14004 14006 14009 14017 14018 14020 14021 14029 14031 14032 14034 14042 14048 14061 14062 14068 14071 14077 14078 14079 14083 14084 14094 14095 14113 14116 14117 14124 14125 14126 14127 14134 14137 14142 14143 14148 14150 14151 14155 14159 14164 14165 14166 14172 14175 14176 14183 14193 14198 14199 14200 14206 14207 14210 14214 14220 14221 14222 14228 14233 14240 14250 14262 14271 14275 14276 14286 14289 14300 14301 14302 14308 14312 14318 14324 14325 14328 14331 14335 14336 14345 14346 14351 14352 14353 14354 14357 14358 14359 14363 14366 14371 14372 14376 14386 14387 14392 14395 14396 14397 14398 14405 14406 14407 14410 14413 14417 14418 14419 14420 14426 14430 14431 14433 14434 14436 14438 14442 14445 14451 14452 14459 14460 14468 14473 14476 14477 14478 14486 14487 14488 14492 14493 14494 14495 14496 14499 14500 14510 14513 14516 14519 14523 14527 14529 14530 14531 14532 14542 14551 14553 14555 14562 14568 14571 14574 14584 14587 14593 14598 14599 14600 14601 14606 14612 14629 14632 14639 14649 14653 14662 14689 14690 14708 14709 14711 14756 14772 
	}
	weather={
	}
}
