4 3 
2 14 
3 24 
4 75 
2 85 
1 138 
4 181 
1 188 
5 216 
1 249 
3 251 
2 281 
4 310 
1 431 
1 503 
2 581 
2 591 
2 735 
3 756 
1 994 
3 1118 
1 1139 
2 1149 
4 1258 
1 1390 
1 1539 
4 1561 
2 1567 
3 1614 
2 1714 
5 1719 
2 1835 
1 1877 
2 1923 
3 2032 
1 2059 
2 2118 
5 2171 
1 2260 
1 2292 
2 2322 
2 2325 
1 2392 
1 2470 
2 2492 
3 2503 
1 2510 
4 2568 
2 2645 
5 2662 
1 2755 
2 2839 
1 2887 
1 2941 
1 2981 
2 3041 
2 3150 
5 3188 
2 3228 
2 3244 
4 3259 
4 3310 
4 3418 
3 3535 
2 3578 
3 3603 
3 3607 
3 3680 
1 3715 
5 3982 
2 4042 
4 4094 
1 4126 
2 4263 
4 4270 
2 4291 
1 4324 
3 4337 
3 4378 
1 4394 
3 4489 
1 4506 
3 4526 
