
state={
	id=1
	name="STATE_1"

	history={
		owner = LAS
		add_core_of = LAS
		victory_points = {
			2 5 
		}

	}

	provinces={
		2 7 9 11 16 17 28 31 34 40 47 53 56 61 63 66 68 70 71 76 80 81 82 85 94 97 103 107 109 112 131 132 134 135 138 141 143 144 145 148 156 158 162 166 172 176 179 180 185 187 201 203 205 210 212 216 223 224 228 231 234 245 246 247 253 256 257 258 260 262 264 265 279 285 289 294 303 305 315 326 328 330 335 337 339 358 368 369 375 384 387 392 396 401 409 414 419 420 421 428 430 441 444 448 463 467 470 476 479 483 486 487 489 494 496 503 505 509  511 512 515 516 518 525 528 533 535 538 539 540 543 556 570 572 580 581 587 591 594 601 619 622 623 627 636 639 640 641 643 646 648 654 660 665 670 676 678 679 692 695 696 702 716 725 726 727 729 733 740 742 752 754 756 767 772 774 775 776 781 786 790 804 805 807 808 810 815 816 818 827 832 844 845 852 857 858 863 865 869 871 875 877 879 887 888 896 910 913 915 921 925 929 945 952 968 971 977 981 983 988 989 991 992 996 1001 1002 1003 1008 1010 1027 1032 1038 1039 1041 1043 1052 1075 1079 1086 1089 1099 1122 1127 1129 1281 1284 1289 1290 1296 1298 1299 1300 1304 1305 1306 1307 1308 1309 1310 1312 1313 1314 1316 1317 1318 1319 1322 1323 1324 1325 1328 1330 1332 1333 1334 1335 1336 1337 1338 1339 1343 1346 1347 1350 1352 1353 1357 1358 1360 1364 1365 1371 1373 1375 1376 1377 1384 1386 1389 1394 1399 1401 1402 1404 1405 1408 1409 1411 1416 1419 1420 1421 1425 1430 1431 1434 1435 1437 1439 1440 1443 1444 1447 1448 1449 1453 1469 1487 1493 1497 1509 1510 1513 1519 1525 1532 1535 1539 1597 1598 1605 1624 1720 1789 1795 1796 1797  
	}
	manpower=10000
	buildings_max_level_factor=1.000
	state_category=city
}
