
state={
	id=15
	name="STATE_15"
	history={
		owner = LAS
	}
	provinces={
		43 75 111 119 120 123 134 136 149 181 189 195 220 247 273 279 317 329 330 351 363 381 416 421 456 459 505 531 553 570 585 620 634 660 668 673 704 707 716 727 731 738 751 757 762 764 799 813 817 831 851 861 892 897 922 963 985 998 1027 1052 1060 1124 1190 1222 1257 1271 1281 1284 1329 1330 1337 1349 1372 1374 1387 1388 1402 1407 1444 1497 1500 1515 1568 1583 1604 1607 1614 1621 1624 1634 1645 1648 1656 1664 1666 1698 1743 1746 1765 1767 1773 1809 1833 1845 1851 1878 1921 1953 1972 1983 1991 2012 2026 2034 2069 2082 2127 2161 2176 2280 2296 2301 2302 2339 2341 2347 2370 2373 2379 2380 2391 2424 2425 2454 2465 2471 2493 2530 2598 2605 2613 2654 2699 2703 2713 2754 2803 2806 2849 2887 2934 2935 2945 2966 2988 2997 3024 3040 3041 3062 3093 3107 3122 3181 3184 3192 3304 3309 3312 3316 3321 3322 3325 3327 3328 3330 3331 3336 3338 3339 3345 3346 3349 3350 3352 3353 3355 3359 3365 3366 3370 3373 3375 3376 3380 3382 3383 3384 3387 3388 3394 3397 3406 3414 3415 3417 3420 3422 3425 3432 3435 3438 3444 3449 3455 3457 3458 3459 3467 3468 3484 3487 3489 3493 3499 3502 3508 3510 3511 3514 3515 3517 3522 3526 3531 3540 3549 3558 3559 3571 3574 3576 3579 3601 3604 14782 14784 14788 14789 
	}
	manpower=0
	buildings_max_level_factor=1.000
}
