
state={
	id=16
	name="STATE_16"
	provinces={
		33 42 58 80 83 121 142 183 204 271 291 292 302 323 371 377 430 469 552 577 654 661 684 926 976 1146 1182 1274 1307 1325 1380 1433 1481 1498 1606 1622 1739 1761 1776 1792 1793 1822 1852 2120 2132 2181 2242 2248 2332 2417 2489 2614 2746 2902 2903 2959 2972 2984 3055 3121 3161 3254 3265 3266 3271 3275 3282 3284 3287 3296 3301 3302 3308 3310 3319 3326 3332 3333 3337 3340 3347 3354 3358 3372 3378 3386 3402 3430 
	}
	manpower=0
	buildings_max_level_factor=1.000
}
