
state={
	id=17
	name="STATE_17"
	history={
		owner = PLA
	}
	provinces={
		30 37 45 138 218 306 337 342 396 460 464 560 576 627 644 655 665 666 736 748 807 844 868 995 1072 1102 1145 1155 1158 1164 1269 1310 1354 1361 1401 1540 1554 1572 1577 1771 1794 1831 1837 1846 1927 2046 2076 2077 2168 2221 2265 2355 2413 2432 2438 2481 2496 2580 2593 2603 2606 2704 2804 2810 2891 2906 2954 2965 2999 3050 3120 4167 4191 4205 4206 4228 4232 4241 4243 4249 4250 4262 4269 4271 4272 4279 4280 4287 4288 4294 4296 4298 4299 4301 4312 4326 4334 4342 4346 4347 4349 4355 4360 4361 4364 4371 4373 4374 4382 4389 
	}
	manpower=0
	buildings_max_level_factor=1.000
}
