
state={
	id=19
	name="STATE_19"
	history={
		owner = LAS
	}
	provinces={
		25 26 39 51 60 61 62 69 94 135 144 146 155 158 172 236 261 265 275 319 328 336 345 370 380 382 395 400 405 409 428 454 466 475 487 492 499 574 575 595 597 598 602 611 614 624 658 672 697 699 721 739 752 756 782 790 804 805 812 834 852 878 886 911 921 927 947 977 990 993 999 1010 1011 1012 1024 1037 1038 1050 1051 1071 1080 1103 1137 1153 1184 1214 1217 1218 1223 1228 1241 1297 1318 1343 1379 1395 1416 1437 1438 1464 1476 1491 1509 1519 1527 1546 1547 1549 1550 1570 1571 1576 1590 1592 1597 1617 1620 1632 1665 1669 1675 1679 1692 1696 1719 1734 1737 1740 1749 1758 1759 1763 1777 1783 1785 1787 1797 1803 1805 1812 1820 1824 1828 1829 1839 1841 1855 1859 1885 1886 1889 1896 1901 1905 1916 1917 1931 1951 1977 1984 1985 1993 1997 2010 2013 2035 2050 2058 2067 2068 2072 2095 2109 2112 2134 2147 2148 2157 2177 2192 2193 2200 2212 2215 2247 2273 2274 2283 2291 2297 2317 2360 2369 2385 2388 2396 2401 2423 2434 2449 2461 2474 2491 2514 2522 2525 2527 2528 2535 2548 2561 2565 2595 2596 2612 2623 2653 2656 2658 2661 2665 2668 2672 2685 2693 2695 2697 2743 2764 2777 2788 2829 2837 2838 2840 2847 2859 2864 2875 2886 2908 2939 2940 2953 2958 2981 2982 2989 3007 3011 3012 3021 3036 3037 3043 3045 3057 3064 3108 3130 3136 3148 3168 3174 3474 3482 3483 3500 3513 3523 3547 3555 3564 3572 3575 3583 3593 3595 3596 3602 3607 3612 3627 3628 3631 3632 3642 3643 3644 3650 3655 3658 3663 3670 3671 3676 3677 3680 3690 3691 3699 3707 3710 3720 3726 3733 3740 3745 3750 3756 3757 3760 3765 3766 3771 3777 3783 3792 3793 3797 3807 3808 3812 3814 3816 3820 3827 3830 3840 3847 3848 3855 3856 3857 3859 3866 3877 3882 3885 3886 3890 3901 3907 3913 3923 3926 3931 3938 3940 3946 3948 3959 3965 3969 3970 3977 3982 3988 3999 4007 4008 4015 4019 4023 4034 4039 4046 4050 4056 4060 4065 4066 4067 4068 4072 4074 4075 4076 4078 4087 4090 4092 4094 4099 4104 4116 4117 4118 4120 4122 4128 4134 4135 4142 4146 4160 4168 14791 14790 14792 14793
	}
	manpower=5000000
	buildings_max_level_factor=1.000
}
