
state={
	id=2
	name="STATE_2"

	history={
		owner = PLA
		add_core_of = PLA
		victory_points = {
			293 40
		}
		buildings = {
			infrastructure = 10
			arms_factory = 4
			industrial_complex = 3
			air_base = 10
		}
	}

	provinces={
		18 26 87 130 169 293 318 434 446 474 497 536 545 551 561 574 582 589 644 700 705 712 749 761 768 787 799 803 840 874 893 898 903 905 906 909 916 942 948 967 978 997 1009 1023 1025 1047 1049 1056 1066 1067 1100 1126 1131 1136 1432 1438 1450 1452 1457 1458 1460 1461 1464 1465 1466 1467 1468 1471 1473 1474 1476 1478 1479 1480 1481 1482 1483 1484 1488 1489 1491 1495 1496 1498 1499 1502 1503 1504 1506 1507 1508 1511 1514 1515 1516 1517 1520 1521 1522 1526 1528 1529 1531 
	}
	manpower=1323756
	buildings_max_level_factor=1.000
	state_category=megalopolis
}
