
state={
	id=21
	name="STATE_21"
	provinces={
		196 203 226 249 296 304 341 347 467 603 638 659 679 730 740 746 933 935 936 1056 1078 1282 1327 1381 1389 1456 1525 1545 1651 1652 1747 1842 1895 1966 2001 2015 2018 2143 2150 2190 2305 2351 2372 2419 2421 2497 2513 2546 2547 2684 2711 2718 2742 2768 2784 2814 2866 3013 3061 3071 3085 3143 3159 3169 3182 4200 4219 4238 4242 4246 4253 4258 4263 4268 4273 4281 4286 4292 4310 4314 4322 4327 4328 4329 4330 4339 4340 4344 4345 4358 4359 4369 4377 4383 4390 4393 
	}
	manpower=0
	buildings_max_level_factor=1.000
}
