
state={
	id=23
	name="STATE_23"
	provinces={
		3 4 40 104 110 139 272 274 339 348 353 362 420 447 537 587 642 656 662 728 766 838 846 871 887 918 1002 1031 1039 1048 1105 1113 1130 1189 1236 1386 1460 1589 1603 1616 1629 1682 1687 1779 1804 1928 1942 1956 2031 2033 2045 2059 2075 2087 2118 2122 2201 2243 2304 2327 2358 2405 2437 2452 2487 2563 2594 2632 2686 2692 2705 2721 2818 2819 2870 2880 2909 2952 2973 2974 2994 3082 3097 3098 3134 4306 4309 4313 4321 4324 4331 4333 4356 4363 4365 4368 4372 4380 4381 4386 4394 4399 4403 4410 4411 4422 4424 4429 4432 4434 4435 4445 4450 4455 4470 
	}
	manpower=0
	buildings_max_level_factor=1.000
}
