
state={
	id=27
	name="STATE_27"

	history={
		owner = LEA

	}

	provinces={
		50 79 105 166 184 268 285 297 301 331 390 410 488 540 567 618 678 705 713 951 1000 1025 1106 1118 1151 1234 1298 1396 1417 1516 1555 1751 1770 1786 1825 1888 1910 1934 1936 2090 2093 2153 2194 2279 2298 2312 2386 2400 2499 2600 2602 2714 2739 2756 2772 2776 2780 2860 2924 2967 2979 3075 3077 3078 3173 4323 4336 4350 4352 4353 4354 4362 4366 4367 4388 4391 4395 4397 4401 4407 4413 4414 4415 4428 4440 
	}
	manpower=0
	buildings_max_level_factor=1.000
}
