
state={
	id=29
	name="STATE_29"
	provinces={
		27 38 57 70 91 107 197 232 237 248 333 407 417 448 480 625 690 765 779 808 824 830 856 872 875 904 912 944 1003 1005 1019 1023 1033 1054 1110 1112 1116 1126 1133 1239 1283 1314 1317 1326 1398 1399 1492 1526 1539 1578 1586 1598 1619 1626 1643 1680 1690 1745 1858 1863 1871 1887 1915 1992 2009 2106 2135 2174 2180 2188 2241 2252 2257 2311 2314 2343 2395 2426 2455 2476 2505 2582 2587 2597 2607 2631 2663 2758 2807 2816 2851 2907 2941 2998 3001 3056 3099 3105 3113 3132 3144 3172 3190 3704 3713 3714 3715 3718 3725 3735 3746 3752 3761 3768 3769 3772 3786 3789 3799 3800 3810 3821 3824 3835 3839 3844 3868 3873 3875 3879 3884 3887 3888 3891 3893 3902 3903 3908 3910 3915 3944 3952 3967 3968 3979 3984 3986 3993 4018 4030 
	}
	manpower=0
	buildings_max_level_factor=1.000
}
