
state={
	id=32
	name="STATE_32"
	history={
		owner = PLA
	}
	provinces={
		18 82 106 171 266 352 386 482 497 568 630 636 646 671 676 695 709 723 758 902 970 1252 1357 1391 1419 1426 1429 1441 1668 1704 1729 1764 1799 1890 1940 1950 2030 2057 2063 2105 2189 2224 2258 2270 2275 2295 2325 2390 2397 2427 2457 2556 2622 2690 2698 2759 2760 2794 2822 2828 2962 2975 3016 3031 3103 3158 3692 3694 3696 3708 3739 3748 3755 3787 3788 3806 3811 3825 3826 3862 3889 3905 3909 3911 3933 3934 3947 3972 3981 3991 3996 4001 4002 4005 4014 
	}
	manpower=0
	buildings_max_level_factor=1.000
}
