
state={
	id=33
	name="STATE_33"
	history={
		owner = LAS
	}
	provinces={
		385 616 760 774 821 876 1004 1049 1053 1065 1097 1141 1266 1308 1331 1358 1475 1512 1579 1584 1659 1754 1807 1975 2021 2032 2040 2048 2080 2196 2207 2237 2268 2289 2307 2364 2408 2445 2574 2586 2726 2766 2809 2846 2936 2985 3069 3074 3076 3112 3128 3133 3466 3481 3512 3552 3554 3562 3591 3600 3653 3657 3661 3674 3719 3731 3743 3762 3776 3780 3831 3832 3842 3863 3919 4526 
	}
	manpower=0
	buildings_max_level_factor=1.000
}
