
state={
	id=34
	name="STATE_34"
	provinces={
		52 59 73 89 92 98 109 234 242 254 255 276 394 402 413 418 433 465 524 557 562 564 581 599 606 608 682 698 700 754 795 823 858 880 910 937 942 946 1043 1069 1081 1082 1084 1093 1108 1129 1135 1159 1169 1230 1246 1339 1346 1440 1450 1477 1510 1514 1524 1530 1544 1567 1649 1655 1705 1714 1750 1806 1869 1897 1902 1976 2005 2041 2062 2064 2117 2119 2156 2191 2206 2210 2239 2321 2342 2383 2519 2540 2562 2566 2567 2630 2637 2691 2749 2786 2843 2899 2956 3039 3067 3087 3167 3224 3227 3230 3232 3235 3236 3239 3241 3242 3243 3247 3252 3255 3256 3258 3263 3274 3277 3278 3285 3289 3290 3292 3295 3298 3299 3307 3311 3317 3324 3334 3335 3341 3342 3357 3361 3374 14779 14780 
	}
	manpower=0
	buildings_max_level_factor=1.000
}
