
state={
	id=37
	name="STATE_37"

	history={
		owner = LAS
		victory_points = { 1923 4 }
	}

	provinces={
		32 34 76 100 221 231 260 321 387 406 412 426 440 455 474 496 513 545 554 571 669 687 755 759 810 825 881 882 885 1021 1086 1100 1176 1181 1273 1300 1333 1352 1353 1448 1452 1483 1496 1535 1676 1677 1701 1716 1821 1870 1923 1957 1961 2029 2065 2086 2089 2115 2129 2145 2175 2233 2240 2245 2266 2346 2348 2363 2435 2448 2516 2531 2545 2576 2592 2733 2744 2769 2800 2845 2848 2850 2865 2888 2895 2919 2920 2943 3165 3170 3178 4006 4040 4041 4058 4069 4096 4108 4126 4131 4138 4153 4157 4162 4180 4181 4185 4190 4194 4196 4201 4208 4209 4214 4215 4227 4229 4231 4235 4237 4239 4254 4255 4259 4266 4277 4278 4282 4315 4335 4341 4384 
	}
	manpower=0
	buildings_max_level_factor=1.000
}
