
state={
	id=38
	name="STATE_38"

	history={
		owner = LAS
		victory_points = { 4337 27 }
		buildings = {
			infrastructure = 2
		}
	}

	provinces={
		14 95 101 179 215 224 239 258 327 332 391 397 435 451 502 521 541 645 652 701 706 714 749 800 839 866 905 974 987 1036 1077 1079 1087 1203 1250 1263 1267 1268 1360 1363 1373 1385 1451 1455 1458 1459 1503 1506 1536 1553 1613 1615 1636 1681 1730 1738 1802 1827 1850 1893 1899 1900 1912 1913 1933 1937 1973 2024 2039 2047 2103 2139 2227 2284 2285 2303 2323 2336 2362 2521 2537 2554 2624 2634 2657 2666 2696 2710 2734 2833 2836 2882 2897 2932 2942 3004 3020 3034 3035 3058 3096 3656 3664 3678 3685 3686 3712 3716 3723 3737 3741 3747 3764 3767 3778 3784 3794 3798 3801 3809 3813 3815 3817 3822 3833 3849 3861 3867 3870 3883 3892 3895 3896 3898 3899 3921 3924 3928 3935 3943 3954 3955 3960 3975 3983 
	}
	manpower=24331
	state_category = rural
	buildings_max_level_factor=1.000
	resources={
		tungsten = 12
		chromium = 42
	}
}
