
state={
	id=39
	name="STATE_39"
	provinces={
		11 41 84 97 133 145 162 222 229 250 256 307 322 388 408 432 462 509 532 580 649 777 793 915 983 988 1150 1163 1166 1219 1226 1251 1254 1321 1462 1511 1646 1660 1757 1768 1782 1932 2003 2074 2091 2108 2125 2152 2155 2183 2195 2225 2322 2329 2482 2555 2648 2727 2789 2813 2855 2871 2971 2995 2996 3022 3028 3428 3436 3442 3448 3452 3460 3463 3470 3471 3485 3486 3488 3494 3496 3501 3503 3507 3516 3521 3527 3530 3534 3536 3537 3551 3557 3560 3563 3568 3580 3581 3582 3614 3615 3616 3617 3646 3649 3665 3666 3668 3689 3693 
	}
	manpower=0
	buildings_max_level_factor=1.000
}
