
state={
	id=4
	name="STATE_4"

	history={
		owner = LEA
		add_core_of = LEA
		victory_points = {
			21 5 
		}

	}

	provinces={
		30 52 54 100 171 273 296 338 340 347 398 417 443 449 461 567 569 571 583 599 626 629 669 675 677 698 713 715 736 764 769 770 784 801 824 855 866 878 881 894 924 930 931 932 975 990 1007 1046 1054 1059 1101 1110 1130 1133 1139 1141 1143 1145 1575 1586 1587 1588 1590 1596 1602 1603 1604 1607 1609 1610 1616 1622 1623 1629 1631 1632 1635 1643 1645 1649 1650 1651 1655 1656 1657 1658 1659 1660 1661 1667 1670 1671 1672 1674 1677 1678 1679 1681 1684 1692 1695 1703 1708 1711 1716 1727 
	}
	manpower=10000
	buildings_max_level_factor=1.000
	state_category=megalopolis
}
