
state={
	id=44
	name="STATE_44"

	history={
		owner = GGR
		buildings = {
			infrastructure = 0
		}
	}

	provinces={
		1 46 90 300 414 442 479 533 613 622 650 744 780 833 898 919 930 939 1009 1114 1123 1128 1156 1196 1205 1272 1277 1304 1324 1332 1409 1442 1513 1600 1601 1703 1784 1816 1818 1826 1843 1925 1965 1978 2044 2049 2071 2079 2098 2104 2114 2116 2124 2158 2208 2235 2236 2328 2366 2409 2412 2422 2456 2462 2488 2708 2720 2723 2765 2926 3033 3072 3101 3102 3117 3157 3160 3166 3189 3477 3504 3529 3546 3553 3588 3590 3611 3619 3620 3622 3625 3638 3640 3667 3687 3701 3728 3732 3754 3770 3775 3791 3805 3838 3841 3852 3880 3881 3900 3904 3958 
	}
	manpower=21410
	buildings_max_level_factor=1.000
	state_category = enclave
}
