
state={
	id=46
	name="STATE_46"

	history={
		owner = LAS
		victory_points = { 2292 16 }
	}

	provinces={
		88 152 228 241 378 512 566 582 639 820 899 928 932 943 952 981 1047 1140 1172 1178 1186 1191 1197 1211 1220 1253 1285 1291 1292 1323 1348 1375 1413 1471 1507 1588 1593 1594 1844 1865 1918 1929 1945 1967 1980 2020 2170 2185 2230 2292 2310 2315 2324 2375 2389 2414 2446 2477 2495 2673 2728 2730 2738 2747 2779 2793 2798 2801 2802 2877 2884 2889 2922 2992 3030 3140 3176 3369 3379 3393 3398 3408 3419 3443 3456 3462 3491 3505 3509 3520 3532 3539 3541 3542 3569 3597 3599 3606 3626 3647 3648 3669 3759 3774 3829 3846 3853 
	}
	manpower=0
	buildings_max_level_factor=1.000
}
