state={
	id=52
	name="STATE_52"
	history={
		owner = PLA
		add_core_of = PLA
		victory_points = { 503 3 }
		buildings = {
			infrastructure = 2
			air_base = 4
		}
	}
	provinces={
		8 44 63 87 114 116 140 198 199 208 264 313 316 324 346 357 399 463 490 494 503 504 527 530 563 617 641 663 693 742 773 791 843 877 894 913 925 955 956 992 1059 1067 1091 1132 1162 1212 1215 1261 1276 1299 1309 1362 1371 1404 1423 1446 1447 1541 1569 1625 1637 1693 1713 1721 1742 1775 1778 1781 1854 1861 1872 1874 1892 1907 1996 1999 2061 2070 2084 2130 2159 2163 2167 2186 2198 2211 2223 2250 2269 2306 2318 2334 2337 2399 2415 2436 2468 2529 2533 2534 2539 2564 2583 2640 2646 2671 2702 2735 2748 2753 2775 2820 2842 2853 2876 2893 2904 2910 2928 2964 3042 3044 3059 3063 3090 3106 3126 3137 3163 3264 3268 3281 3283 3286 3300 3305 3306 3313 3315 3318 3320 3329 3343 3344 3351 3362 3364 3367 3368 3371 3377 3381 3385 3389 3392 3396 3400 3401 3404 3407 3410 3411 3424 3426 3439 3440 3441 3445 3453 3464 3465 3475 3476 3479 3480 3490 3495 3498 14783 14785 14786 14787 
	}
	manpower=68414
	buildings_max_level_factor=1.000
	state_category = pastoral
	resources = {
		chromium = 8
		oil = 4
	}
}
