state={
	id=55
	name="STATE_55"
	history={
		owner = PLA
	}
	provinces={
		13 173 186 246 360 522 569 590 600 604 615 664 717 735 789 853 865 869 896 908 1007 1022 1068 1070 1090 1098 1111 1131 1227 1286 1344 1359 1397 1410 1580 1596 1686 1880 1898 2019 2022 2036 2092 2169 2182 2184 2344 2374 2402 2406 2443 2453 2511 2550 2569 2581 2647 2667 2689 2817 2841 2890 2918 2968 2983 2987 3094 3124 3149 3175 3185 3186 4071 4077 4093 4097 4119 4121 4123 4132 4144 4163 4165 4175 4176 4178 4182 4186 4199 4202 4203 4210 4216 4217 4222 4223 4233 4234 4236 4240 4252 4260 4261 4274 4283 4293 4295 4303 4305 4311 4332 4351 
	}
	manpower=0
	buildings_max_level_factor=1.000
}
