state={
	id=63
	name="STATE_63"
	
	history={
		owner = LAS
		victory_points = { 3603 8 }
		buildings = {
			infrastructure = 2
			industrial_complex = 1
			2874 = {
				naval_base = 5
			}
		}
	}
	
	provinces={
		48 54 56 240 247 277 359 376 495 535 660 707 750 751 757 770 861 906 997 1016 1042 1382 1388 1444 1449 1502 1515 1607 1611 1656 1767 1809 1815 1833 1881 1979 1990 2004 2082 2121 2197 2280 2296 2347 2357 2373 2410 2465 2493 2699 2754 2757 2868 2874 2930 2935 3049 3181 3192 3468 3487 3508 3510 3511 3515 3517 3526 3531 3540 3543 3556 3559 3565 3570 3571 3574 3576 3577 3579 3594 3601 3603 3604 3613 3633 3634 3635 3636 3639 3645 3654 3659 3672 3681 3688 3697 3702 3705 3711 3729 3749 
	}
	manpower=62771
	state_category = rural
	buildings_max_level_factor=1.000
	resources={
		tungsten = 6
		chromium = 33
	}
}
