state={
	id=7
	name="STATE_7"
	history={
		owner = PLA
		add_core_of = PLA
		buildings = {
			infrastructure = 7
			industrial_complex = 3
			dockyard = 1
			air_base = 1
			1561 = {
				naval_base = 5
			}
			3518 = {
				naval_base = 3
			}
			3823 = {
				naval_base = 2
			}
		}
		victory_points = { 1561 25 }
	}
	provinces={
		77 102 125 131 137 141 165 214 252 280 309 355 481 498 511 586 623 711 715 788 814 828 847 924 1001 1120 1200 1232 1247 1262 1279 1305 1311 1328 1376 1411 1424 1425 1461 1504 1533 1534 1561 1635 1650 1685 1700 1814 1832 1946 1958 1989 2102 2146 2149 2254 2313 2416 2441 2458 2464 2553 2644 2664 2681 2812 3025 3029 3051 3053 3065 3127 3131 3138 3146 3473 3478 3492 3497 3506 3518 3519 3524 3533 3538 3545 3550 3566 3567 3573 3584 3592 3598 3605 3621 3623 3629 3637 3651 3662 3683 3698 3703 3706 3717 3722 3736 3744 3751 3779 3819 3823 3843 3864 3872 
	}
	manpower=984756
	buildings_max_level_factor=1.000
	state_category = large_city
}
