
state={
	id=9
	name="STATE_9"

	history={
		owner = LEA
		victory_points = { 3188 60 }
		buildings = {
			infrastructure = 10
			2781 = {
				naval_base = 10
			}
			659 = {
				naval_base = 4
			}
			2165 = {
				naval_base = 3
			}
			arms_factory = 4
			industrial_complex = 2
			dockyard = 2
		}
	}

	provinces={
		2 117 128 180 211 283 311 326 335 471 486 517 551 589 626 659 729 818 854 889 891 1085 1142 1180 1187 1194 1260 1287 1315 1381 1389 1430 1456 1468 1489 1495 1508 1565 1628 1670 1695 1697 1712 1733 1736 1748 1753 1756 1882 1884 1894 1908 1966 1994 2014 2144 2164 2165 2244 2286 2288 2335 2359 2378 2439 2467 2475 2512 2589 2625 2675 2781 2878 2901 2911 2913 2923 2991 3038 3071 3188 4082 4085 4105 4107 4113 4133 4145 4147 4151 4161 4164 4166 4170 4171 4174 4177 4183 4184 4188 4193 4197 4204 4212 4213 4218 4224 4225 4245 4246 4265 4285 
	}
	manpower=1710829
	state_category = metropolis
	buildings_max_level_factor=1.000
}
